1577431032905 1.3233828212372547 0
1577431033016 1.2216836019362156 0
1577431033127 1.0945376732891237 0
1577431033238 0.9598060773616106 0
1577431033349 0.8222933970631296 0
1577431033461 0.6659882389817982 0
1577431033573 0.5141776010062837 0
1577431033685 0.3855779744806523 0
1577431033797 0.2822822356364229 0
1577431033909 0.20274196336007877 0
1577431034022 0.14420631787979754 0
1577431034134 0.10381409366127982 0
1577431034247 0.07669569557556966 0
1577431034359 0.058235658386432354 0
1577431034472 0.04541667950981771 0
