1577430953639 1.3217024439965066 0
1577430953760 1.1962031238381652 0
1577430953883 1.0196887869487965 0
1577430954024 0.8083311860121462 0
1577430954143 0.6016175159988151 0
1577430954256 0.43735722308564945 0
1577430954366 0.3282275597665105 0
1577430954492 0.25929568035265493 0
1577430954607 0.2087944723040469 0
1577430954722 0.16582859372002734 0
1577430954837 0.12992937632281867 0
1577430954954 0.09826030971299392 0
1577430955074 0.07305205370412067 0
1577430955210 0.05238396902213794 0
1577430955354 0.03840662726835474 0
1577430955474 0.02912314905145534 0
1577430955596 0.022684269441109198 0
1577430955719 0.018091388822522796 0
1577430955838 0.014789814906664766 0
1577430955952 0.01230809293788471 0
