1577432677869 1.3606084308398234 0
1577432677992 1.2997583082692425 0
1577432678122 1.2224785071094781 0
1577432678244 1.1224893357974859 0
1577432678366 1.0089865251646664 0
1577432678491 0.879314038844514 0
1577432678620 0.7385408519154428 0
1577432678752 0.6071877187648982 0
1577432678887 0.4979432138185848 0
1577432679014 0.40314888836710977 0
1577432679138 0.322710035141135 0
1577432679271 0.2648277057092742 0
1577432679398 0.2208512670079325 0
1577432679527 0.17855104270578662 0
1577432679656 0.1341403649715134 0
