1577432699128 1.3521753586536107 0
1577432699256 1.2677897912700002 0
1577432699383 1.1566933070198964 0
1577432699509 1.0317471735040824 0
1577432699631 0.9073419163373937 0
1577432699752 0.7845216727838283 0
1577432699870 0.6623124294953191 0
1577432699991 0.5461353822747949 0
1577432700115 0.4418291892084813 0
1577432700240 0.3582862198057131 0
1577432700361 0.2961617791613255 0
1577432700482 0.25052276205651863 0
1577432700606 0.21609117821900004 0
1577432700733 0.18882736495922006 0
1577432700862 0.1661921363322387 0
1577432700988 0.14621293538609237 0
1577432701111 0.1279959877311518 0
1577432701233 0.11119270442055985 0
1577432701361 0.09543372212965757 0
1577432701484 0.0805844644353305 0
