1577430612848 1.3777891326868523 0
1577430612955 1.3065530268837646 0
1577430613062 1.2405663228576298 0
1577430613174 1.1698234872074258 0
1577430613282 1.0852588954117786 0
1577430613390 0.9856697698100769 0
1577430613502 0.8757735180713582 0
1577430613619 0.7621134076513872 0
1577430613728 0.6485522576522262 0
1577430613840 0.5402912917636107 0
1577430613950 0.44248077285136783 0
1577430614059 0.3601075943930834 0
1577430614168 0.2951637415577605 0
1577430614279 0.24608268236478484 0
1577430614390 0.20799827588922531 0
