1577432774803 1.297600647072877 0
1577432774945 1.216326827033136 0
1577432775076 1.1329669511736524 0
1577432775202 1.0344591857579708 0
1577432775329 0.9293874618806932 0
1577432775453 0.8151944149904954 0
1577432775588 0.6986505371363926 0
1577432775715 0.5862770106957587 0
1577432775843 0.4778911511336927 0
1577432775970 0.3800620060128673 0
1577432776097 0.2988325475211882 0
1577432776233 0.23483646116382867 0
1577432776358 0.18624912261218243 0
1577432776483 0.1490182802560201 0
1577432776608 0.12013849194038227 0
