1579976970704 1.325854779768207 0
1579976970820 1.2143470940715406 0
1579976970945 1.0800332112369482 0
1579976971087 0.915253469335223 0
1579976971204 0.7361744822213288 0
1579976971357 0.5641861602559273 0
1579976971489 0.4202753729739432 0
1579976971601 0.31768136241637396 0
1579976971709 0.23633382898873825 0
1579976971824 0.17100768665587654 0
1579976971941 0.12184220640635841 0
1579976972056 0.08464700241600233 0
1579976972166 0.059805872272743706 0
1579976972274 0.043768915946434825 0
1579976972383 0.032464363449891606 0
