1577430990296 1.299741243680632 0
1577430990404 1.161900351729272 0
1577430990519 1.0176604078097655 0
1577430990668 0.8547397569317141 0
1577430990801 0.7019861212840556 0
1577430990914 0.571559193290037 0
1577430991025 0.4606913630999245 0
1577430991136 0.37035589889991277 0
1577430991270 0.29704827605677736 0
1577430991392 0.23783583771872574 0
1577430991503 0.18841618987909073 0
1577430991618 0.14669965277694094 0
1577430991730 0.11187014874412889 0
1577430991846 0.08510761125753019 0
1577430991958 0.06534901652981592 0
