1577430946230 1.3940723822171717 0
1577430946349 1.2814469019769061 0
1577430946460 1.147036519296343 0
1577430946570 0.9442341864002265 0
1577430946686 0.6894469358991029 0
1577430946819 0.44276296423045636 0
1577430946931 0.27157343931232286 0
1577430947060 0.17259021913942035 0
1577430947189 0.11316825746586455 0
1577430947310 0.07638659488588913 0
1577430947424 0.05347072671540877 0
1577430947538 0.03887408670868052 0
1577430947653 0.02920483987312828 0
1577430947767 0.02265476429314181 0
1577430947882 0.018005582039275658 0
