1577432661099 1.3880941289933535 0
1577432661218 1.224398083737423 0
1577432661346 1.0432749623780542 0
1577432661472 0.8239087375281057 0
1577432661596 0.6130778335154968 0
1577432661721 0.464055234162591 0
1577432661849 0.367895454533816 0
1577432661974 0.3051578578039587 0
1577432662097 0.25878761031746916 0
1577432662219 0.22091365953738226 0
1577432662346 0.1890869647206987 0
1577432662517 0.15998340539446346 0
1577432662637 0.1328652146913648 0
1577432662759 0.10680606742773861 0
1577432662884 0.08330554974560438 0
