1577430604775 0.26538336 0
1577430604883 0.60760117 0
1577430604990 0.7800263 0
1577430605097 0.8573544 0
1577430605207 0.87561697 0
1577430605315 0.92579794 0
1577430605432 0.9684107 0
1577430605555 0.98256004 0
1577430605674 0.9888121 0
1577430605844 0.99506414 0
1577430605952 0.99506414 0
1577430606060 0.99506414 0
1577430606168 0.99506414 0
1577430606279 0.99506414 0
1577430606389 0.99506414 0
1577430606497 0.99506414 0
1577430606606 0.99506414 0
1577430606716 0.99786115 0
1577430606826 1.0 0
1577430606936 1.0 0
