1577430604745 1.371807527957915 0
1577430604852 1.3125642407838747 0
1577430604959 1.222492291920277 0
1577430605067 1.0748498267584548 0
1577430605174 0.8888714025388543 0
1577430605284 0.6938839644223069 0
1577430605396 0.5249069936575957 0
1577430605520 0.39093616642070156 0
1577430605642 0.292868499773119 0
1577430605812 0.22145839177707027 0
1577430605921 0.16953018767126063 0
1577430606029 0.13107384463533756 0
1577430606137 0.1029547286385688 0
1577430606248 0.08217557064401904 0
1577430606358 0.06659227059360356 0
1577430606466 0.05466826079893206 0
1577430606575 0.04549010013153224 0
1577430606685 0.038257231658821673 0
1577430606794 0.032454151240357956 0
1577430606904 0.027757097394201034 0
