1577432747270 1.3847794223278909 0
1577432747391 1.351317754737952 0
1577432747514 1.3099876925834664 0
1577432747634 1.2511570200632967 0
1577432747761 1.1731880665531516 0
1577432747892 1.0748222031927532 0
1577432748020 0.9622779779820193 0
1577432748146 0.8422628741744476 0
1577432748273 0.7227153269112522 0
1577432748404 0.6102544085765285 0
1577432748528 0.5060083451593499 0
1577432748652 0.413745530177669 0
1577432748775 0.33654322979010104 0
1577432748904 0.27396887381949997 0
1577432749026 0.2225175023608476 0
1577432749148 0.18068992881231224 0
1577432749271 0.14701257398956974 0
1577432749398 0.11995646174397662 0
1577432749526 0.09804939698549273 0
1577432749652 0.08006859793597125 0
