1577432747304 0.23379402 0
1577432747429 0.36245474 0
1577432747548 0.3922343 0
1577432747668 0.39387956 0
1577432747796 0.4573873 0
1577432747929 0.6099046 0
1577432748056 0.6671603 0
1577432748182 0.70269823 0
1577432748312 0.70483714 0
1577432748439 0.7676867 0
1577432748564 0.914281 0
1577432748688 0.9721948 0
1577432748815 0.97433364 0
1577432748939 0.9837117 0
1577432749061 0.98535705 0
1577432749183 0.99506414 0
1577432749305 0.99506414 0
1577432749434 0.99506414 0
1577432749562 0.99506414 0
1577432749686 0.9962159 0
