1577430627238 1.343915024071784 0
1577430627345 1.2335241318581276 0
1577430627453 1.082125823100919 0
1577430627562 0.9307289344410719 0
1577430627670 0.788489009141265 0
1577430627779 0.6603371094369547 0
1577430627887 0.5567038272006666 0
1577430627996 0.4668252297661529 0
1577430628117 0.3870320062678504 0
1577430628227 0.3180757624336886 0
1577430628336 0.25688027970913074 0
1577430628447 0.20447536813474723 0
1577430628557 0.1609794905868804 0
1577430628669 0.12654874415223966 0
1577430628781 0.09934411225003748 0
