1577432795661 0.35880947 0
1577432795783 0.46279624 0
1577432795910 0.5315084 0
1577432796033 0.5594341 0
1577432796161 0.6094066 0
1577432796287 0.6450487 0
1577432796411 0.70108396 0
1577432796534 0.7626309 0
1577432796673 0.7912916 0
1577432796800 0.82325923 0
1577432796926 0.88645965 0
1577432797051 0.9165901 0
1577432797181 0.93018556 0
1577432797304 0.94488335 0
1577432797437 0.953702 0
1577432797561 0.9676649 0
1577432797694 0.99650925 0
1577432797820 1.0 0
1577432797945 1.0 0
1577432798069 1.0 0
