1577432795620 1.341467066720503 0
1577432795748 1.2844157947592496 0
1577432795874 1.2227771101509541 0
1577432795999 1.1522096581435393 0
1577432796127 1.0701911089154437 0
1577432796252 0.9787375398709803 0
1577432796376 0.8798335133701831 0
1577432796500 0.7774102529817133 0
1577432796631 0.6755032308965007 0
1577432796764 0.5761298408145614 0
1577432796890 0.4882554199663611 0
1577432797014 0.4112376185620333 0
1577432797146 0.3430107316122365 0
1577432797268 0.2853537327431152 0
1577432797400 0.2379009969615989 0
1577432797526 0.19764306927491654 0
1577432797659 0.16453900818283365 0
1577432797784 0.1370977836043524 0
1577432797909 0.11423274280748756 0
1577432798034 0.09515177857951383 0
