1577432716839 1.3477678529994195 0
1577432716967 1.2736578867913233 0
1577432717093 1.1646207735388638 0
1577432717228 1.0162913160090308 0
1577432717359 0.8401999911927753 0
1577432717487 0.6707977926546745 0
1577432717620 0.5219023687622193 0
1577432717748 0.3865619921280232 0
1577432717877 0.29001649453201434 0
1577432718001 0.2233856669496886 0
1577432718124 0.173774460063988 0
1577432718248 0.1317298013561256 0
1577432718370 0.09812858878987601 0
1577432718499 0.07263869950722494 0
1577432718631 0.054376037364170404 0
1577432718759 0.041329268976560585 0
1577432718885 0.03222456676061117 0
1577432719013 0.025657381995404266 0
1577432719144 0.020855312510545256 0
1577432719271 0.01726379326945241 0
