1579977027991 1.3087506284887211 0
1579977028095 1.2090299234864008 0
1579977028200 1.0970228159166457 0
1579977028305 0.9726711295928051 0
1579977028411 0.8331256306120494 0
1579977028516 0.6787778154801974 0
1579977028622 0.523992056210573 0
1579977028727 0.3906082203890217 0
1579977028833 0.2855443305978766 0
1579977028939 0.2086276449155295 0
1579977029045 0.15380670276759362 0
1579977029151 0.11539213856677305 0
1579977029257 0.0880703542705441 0
1579977029370 0.06843310778487545 0
1579977029476 0.054163083954629154 0
1579977029583 0.043817510397942315 0
1579977029690 0.036025076554270674 0
1579977029796 0.029961712612461597 0
1579977029903 0.025314839639717247 0
1579977030010 0.02165381166818583 0
