1577432764436 1.3565518984828784 0
1577432764554 1.2890315297200534 0
1577432764674 1.2053607682543994 0
1577432764796 1.0979022684724546 0
1577432764918 0.9718523963220895 0
1577432765044 0.8349996518611295 0
1577432765168 0.6975774977786695 0
1577432765295 0.5669714529768807 0
1577432765417 0.45435246929249823 0
1577432765541 0.3642364863348033 0
1577432765664 0.29138264630278005 0
1577432765792 0.22834327417810282 0
1577432765927 0.17647593286235433 0
1577432766053 0.1374804613707632 0
1577432766177 0.10660042464815254 0
1577432766302 0.08233105063838116 0
1577432766431 0.06393400183960114 0
1577432766557 0.050200158607980556 0
1577432766689 0.039681914085038066 0
1577432766814 0.03142605258804482 0
