1577431038346 1.464008270040628 0
1577431038457 1.386006084912931 0
1577431038571 1.336490142132985 0
1577431038683 1.2832572724305376 0
1577431038795 1.1826213502761262 0
1577431038906 1.010677273792969 0
1577431039021 0.8105284597491289 0
1577431039133 0.6327232892255277 0
1577431039245 0.4854730268337699 0
1577431039357 0.365902599721364 0
1577431039470 0.27216041478496605 0
1577431039585 0.19924356236344815 0
1577431039698 0.1471719678293557 0
1577431039810 0.11136292462103205 0
1577431039923 0.08592992909314241 0
1577431040038 0.0673705971163795 0
1577431040152 0.053808851527906 0
1577431040265 0.04361126801721449 0
1577431040378 0.03600217537975325 0
1577431040494 0.030092242239383615 0
