1577431052362 1.3640649528291413 0
1577431052473 1.2806588373660779 0
1577431052586 1.1965654439924396 0
1577431052698 1.1051732159791001 0
1577431052811 0.9948878790796537 0
1577431052923 0.8587552877377439 0
1577431053037 0.7123728669589875 0
1577431053153 0.5686387388381628 0
1577431053266 0.44251112274424503 0
1577431053379 0.3419126484042775 0
1577431053495 0.2665979766586172 0
1577431053609 0.21069554363938786 0
1577431053723 0.1678595845064827 0
1577431053836 0.13464336856808182 0
1577431053950 0.10835400004991819 0
1577431054065 0.08786656735586415 0
1577431054183 0.0718287218600955 0
1577431054297 0.05898382504448916 0
1577431054411 0.049238855390508846 0
1577431054526 0.04160363588433548 0
