1577432741768 1.3655691185684806 0
1577432741893 1.304504701203914 0
1577432742018 1.2377521968193845 0
1577432742144 1.1581196184807916 0
1577432742275 1.0692963501307948 0
1577432742404 0.9720635162289498 0
1577432742530 0.8505064677980315 0
1577432742657 0.7180066588835796 0
1577432742787 0.5968011509395422 0
1577432742915 0.49479107260115646 0
1577432743041 0.410646358429503 0
1577432743166 0.3426150685766489 0
1577432743297 0.28638980607525144 0
1577432743424 0.23864192863501543 0
1577432743550 0.19914886271553472 0
