1579977024292 1.432365268357976 0
1579977024398 1.3021516507858248 0
1579977024503 1.1687106869019341 0
1579977024609 1.0238525182628855 0
1579977024716 0.8609282839506869 0
1579977024822 0.6938625471033767 0
1579977024928 0.5446394133275413 0
1579977025034 0.42058494208239156 0
1579977025140 0.3228690893266982 0
1579977025247 0.24932149696139835 0
1579977025353 0.19360401586316187 0
1579977025460 0.15094265058396422 0
1579977025567 0.11844427687427435 0
1579977025687 0.09390695035802574 0
1579977025812 0.07479193145366876 0
