1577432710206 1.3863014792015225 0
1577432710326 1.2674202664426457 0
1577432710446 1.1344458481401705 0
1577432710566 0.9883142755038646 0
1577432710686 0.8406776213732233 0
1577432710810 0.6993427557669097 0
1577432710945 0.5721163632799897 0
1577432711069 0.4647197506956538 0
1577432711193 0.3771602282421335 0
1577432711319 0.30720274211662935 0
1577432711448 0.25188446706378487 0
1577432711572 0.20761707933100482 0
1577432711698 0.1707703916110189 0
1577432711821 0.13937278190954377 0
1577432711953 0.11301946214652446 0
