1577432726639 1.3578240153584757 0
1577432726761 1.2994737411729989 0
1577432726885 1.217967273530775 0
1577432727018 1.1099731624420632 0
1577432727144 0.9729430035134216 0
1577432727266 0.8153324366871092 0
1577432727398 0.66201172482226 0
1577432727523 0.5221404868958616 0
1577432727648 0.4033804653839439 0
1577432727775 0.3122427356835453 0
1577432727907 0.24343792860270252 0
1577432728035 0.18682190183551345 0
1577432728163 0.13928559959650666 0
1577432728288 0.10483067354733476 0
1577432728420 0.08052767391521 0
