1577432780776 1.3532583498678816 0
1577432780901 1.2610693293504367 0
1577432781023 1.178969900988709 0
1577432781146 1.0873741055594939 0
1577432781268 0.9769390113932364 0
1577432781394 0.855666104461173 0
1577432781519 0.7318015968166641 0
1577432781645 0.615701441661457 0
1577432781770 0.508425362502611 0
1577432781894 0.41106121954115443 0
1577432782017 0.32809579149011786 0
1577432782149 0.2602077250711273 0
1577432782288 0.20543240999860096 0
1577432782415 0.162150927409516 0
1577432782543 0.1281773448743278 0
1577432782676 0.10191511360737805 0
1577432782816 0.08148901491683787 0
1577432782948 0.06558720523845003 0
1577432783081 0.053322253519152096 0
1577432783215 0.044134818185165306 0
