1577430617661 1.3753999745857564 0
1577430617777 1.322937432069769 0
1577430617886 1.2615687840076684 0
1577430617993 1.1965537743177725 0
1577430618099 1.1216379182830614 0
1577430618209 1.016240526634284 0
1577430618318 0.8687655006674176 0
1577430618429 0.6942843586530054 0
1577430618539 0.5528754148290282 0
1577430618647 0.452496520682125 0
1577430618756 0.3782094394584046 0
1577430618864 0.3216288028853079 0
1577430618972 0.27751998568040126 0
1577430619081 0.24025370696925458 0
1577430619190 0.2078275019183446 0
1577430619300 0.17952254373370602 0
1577430619411 0.15370387633249297 0
1577430619524 0.13008391182696832 0
1577430619635 0.10853669212842387 0
1577430619749 0.0895688681029379 0
