1577430617691 0.35636723 0
1577430617809 0.35488647 0
1577430617916 0.39536032 0
1577430618023 0.43566963 0
1577430618130 0.53093123 0
1577430618240 0.67324775 0
1577430618351 0.79088515 0
1577430618461 0.8461665 0
1577430618570 0.87068117 0
1577430618678 0.88005924 0
1577430618787 0.8810464 0
1577430618895 0.8810464 0
1577430619003 0.8828562 0
1577430619111 0.937973 0
1577430619222 0.9846989 0
1577430619332 0.98947024 0
1577430619445 0.99424154 0
1577430619555 1.0 0
1577430619667 1.0 0
1577430619780 1.0 0
