1579977013772 1.376569192912504 0
1579977013896 1.2684882638111774 0
1579977014009 1.1112203991526461 0
1579977014127 0.9245374755818636 0
1579977014239 0.7287740715528727 0
1579977014354 0.5397436384517693 0
1579977014469 0.37358718901868526 0
1579977014581 0.25750866137877204 0
1579977014720 0.18500067023628422 0
1579977014844 0.13651332082384723 0
1579977014970 0.10195859508075315 0
1579977015089 0.0763474143312599 0
1579977015204 0.056980916257217205 0
1579977015313 0.043050990843563036 0
1579977015420 0.03307063263913226 0
