1577430654740 1.3651624780005225 0
1577430654848 1.303425467301221 0
1577430654973 1.2471845034792561 0
1577430655083 1.196077459331122 0
1577430655192 1.1408669954272244 0
1577430655318 1.077632071339819 0
1577430655432 0.9994529938732857 0
1577430655542 0.9035617671489453 0
1577430655652 0.8009801293567067 0
1577430655762 0.7018360211287222 0
1577430655872 0.6117365357193815 0
1577430655989 0.5331918507535165 0
1577430656099 0.467557235799378 0
1577430656210 0.4146212012249167 0
1577430656321 0.3709008370759008 0
