1577432667898 1.306823573297125 0
1577432668025 1.1836301502945568 0
1577432668147 1.0090208359455888 0
1577432668274 0.7938181596944298 0
1577432668401 0.589345561853532 0
1577432668521 0.4246207319648696 0
1577432668644 0.30299569078511535 0
1577432668769 0.21564721183966093 0
1577432668895 0.15411351813549867 0
1577432669018 0.11194135322478975 0
1577432669145 0.08334833754497864 0
1577432669270 0.06336290951506632 0
1577432669394 0.04924441745230871 0
1577432669517 0.03900617130888187 0
1577432669648 0.03146518555410649 0
1577432669773 0.025824406202607893 0
1577432669896 0.02145152919166908 0
1577432670019 0.018013396182692838 0
1577432670146 0.015323098732752217 0
1577432670268 0.013187842753127914 0
