1577432732664 1.339199493024725 0
1577432732793 1.249680046581759 0
1577432732919 1.1641678476694501 0
1577432733045 1.056919824472969 0
1577432733170 0.9241935963613417 0
1577432733298 0.7829216755546603 0
1577432733423 0.6495558198402884 0
1577432733545 0.5334288715217882 0
1577432733675 0.43487930175268796 0
1577432733797 0.34978753174359406 0
1577432733917 0.27670404187018405 0
1577432734041 0.21461386586361395 0
1577432734164 0.16410717540722453 0
1577432734292 0.12523832854451064 0
1577432734418 0.09668230568893883 0
1577432734550 0.07539199770487387 0
1577432734672 0.05985561219528538 0
1577432734797 0.048338680185791925 0
1577432734923 0.039651648304785264 0
1577432735049 0.033037369093217514 0
