1577432693392 1.3761287556546145 0
1577432693513 1.280265926772674 0
1577432693639 1.1881359640652112 0
1577432693765 1.073495594220203 0
1577432693888 0.9435375103185669 0
1577432694009 0.80067944359119 0
1577432694134 0.6446738830525405 0
1577432694257 0.49907124535314995 0
1577432694384 0.3788322583610926 0
1577432694512 0.28440382436022577 0
1577432694642 0.21304228240889722 0
1577432694776 0.16024812518219753 0
1577432694898 0.12155282361268899 0
1577432695024 0.09360736165597647 0
1577432695147 0.07347803989771035 0
