1577431005273 1.35518765939855 0
1577431005388 1.2886208351523754 0
1577431005500 1.2028367729632625 0
1577431005614 1.0818994007011744 0
1577431005725 0.9271309752533333 0
1577431005837 0.7685927849099917 0
1577431005948 0.6285010909869428 0
1577431006062 0.5023676570444838 0
1577431006174 0.3972861502232541 0
1577431006286 0.3169157580448319 0
1577431006398 0.25433882993963763 0
1577431006510 0.20489099923816706 0
1577431006623 0.1650309901796073 0
1577431006736 0.1331090344242965 0
1577431006850 0.10700337800119769 0
