1579978800896 1.3025333156792014 0
1579978801045 1.1664856679186244 0
1579978801185 0.9689461167183595 0
1579978801316 0.7498501200591859 0
1579978801443 0.5648582235370866 0
1579978801586 0.4148792083539039 0
1579978801723 0.30992080695671503 0
1579978801852 0.24085870830952275 0
1579978801987 0.18942661446259831 0
1579978802143 0.1498300156901161 0
1579978802273 0.11912857893168047 0
1579978802399 0.0945155470752266 0
1579978802542 0.07468486856836022 0
1579978802677 0.059804841362179124 0
1579978802822 0.048158803042263075 0
