1577430555856 1.3810906277653008 0
1577430555967 1.3126532795739039 0
1577430556078 1.2329706957932591 0
1577430556209 1.1330300423007242 0
1577430556346 1.0088938433834553 0
1577430556456 0.866524132081295 0
1577430556564 0.7202272884392682 0
1577430556672 0.5769225418386963 0
1577430556780 0.44429868349641977 0
1577430556897 0.33683232208479036 0
1577430557039 0.2578729986877535 0
1577430557168 0.19831397482760602 0
1577430557304 0.15337423147499948 0
1577430557433 0.1157450158314812 0
1577430557568 0.08624033808433042 0
