1577430632700 1.3451972841756563 0
1577430632809 1.2588234302556496 0
1577430632919 1.154815763799053 0
1577430633031 1.0349271502451884 0
1577430633140 0.8954807637304194 0
1577430633250 0.7420615014643567 0
1577430633359 0.5860836264208006 0
1577430633469 0.4404886321243547 0
1577430633578 0.3150958547516822 0
1577430633688 0.2220625094542406 0
1577430633799 0.1595048684939597 0
1577430633912 0.11845525665694293 0
1577430634025 0.09062057426368711 0
1577430634137 0.07090351040280525 0
1577430634249 0.05607719860126401 0
1577430634367 0.04511433110686867 0
1577430634478 0.03672756946072648 0
1577430634588 0.03030479379373341 0
1577430634707 0.02525875897745799 0
1577430634820 0.02130596819788015 0
