1577431060352 1.4588339358770779 0
1577431060463 1.3532494431621294 0
1577431060576 1.266268262831621 0
1577431060687 1.1917859091163887 0
1577431060798 1.1202356624796004 0
1577431060910 1.040831915863117 0
1577431061022 0.9429685076698319 0
1577431061134 0.8348534245187037 0
1577431061246 0.7283956244130707 0
1577431061358 0.6289655781068194 0
1577431061470 0.538526576411389 0
1577431061583 0.4609345417239091 0
1577431061695 0.39392771747496425 0
1577431061808 0.33606495636910744 0
1577431061920 0.28552217802623825 0
