1577430976264 1.3042222208206 0
1577430976374 1.1985314720275235 0
1577430976483 1.0884743543043764 0
1577430976592 0.9637568002153202 0
1577430976702 0.8257843128114064 0
1577430976812 0.6802689329855399 0
1577430976975 0.542776354313291 0
1577430977086 0.4242247252141015 0
1577430977202 0.3273593783871405 0
1577430977313 0.25220138005182335 0
1577430977424 0.1950197175373071 0
1577430977535 0.15192996248227103 0
1577430977650 0.1195022039863875 0
1577430977764 0.09496553441484194 0
1577430977875 0.0761775386640236 0
