1577431065090 1.371411869658632 0
1577431065201 1.3170675450599567 0
1577431065312 1.257321410443707 0
1577431065424 1.1823709829094962 0
1577431065539 1.0940274580773812 0
1577431065650 0.9863554281433256 0
1577431065762 0.8668440163584508 0
1577431065873 0.7454584001640657 0
1577431065985 0.6322065745559923 0
1577431066101 0.5338451290489798 0
1577431066212 0.45200981183589084 0
1577431066324 0.384539795895392 0
1577431066436 0.3257486307728319 0
1577431066552 0.27192069766671695 0
1577431066666 0.22797722013397906 0
1577431066779 0.19132187918729254 0
1577431066891 0.15764970429434663 0
1577431067007 0.12834257629482532 0
1577431067120 0.1055123797198133 0
1577431067235 0.08731243694647695 0
