1577431065121 0.3068161 0
1577431065232 0.46206138 0
1577431065343 0.49531507 0
1577431065456 0.56953883 0
1577431065571 0.6393533 0
1577431065682 0.7429726 0
1577431065794 0.8103987 0
1577431065905 0.8263825 0
1577431066020 0.8284035 0
1577431066132 0.837957 0
1577431066244 0.8528385 0
1577431066356 0.89344114 0
1577431066468 0.95094615 0
1577431066584 0.9689509 0
1577431066698 0.9858534 0
1577431066811 0.9988977 0
1577431066923 1.0 0
1577431067040 1.0 0
1577431067152 1.0 0
1577431067267 1.0 0
