1577430539193 1.3446623556407273 0
1577430539298 1.250630115828633 0
1577430539405 1.113488297513715 0
1577430539514 0.9003820775362419 0
1577430539625 0.6360503403266895 0
1577430539733 0.4211527874881413 0
1577430539844 0.29055113378340863 0
1577430539956 0.21061119380750587 0
1577430540067 0.15747190767043678 0
1577430540175 0.1207163240865799 0
1577430540288 0.09435684402791925 0
1577430540394 0.07460634585429407 0
1577430540500 0.058961975055201184 0
1577430540606 0.04661423198963979 0
1577430540712 0.037097645449684774 0
