1577430571342 1.3960472822386452 0
1577430571448 1.3295011118750475 0
1577430571560 1.257377176257193 0
1577430571671 1.1749644678651228 0
1577430571779 1.0839363842672827 0
1577430571886 0.9845673662663097 0
1577430571994 0.8733550313584516 0
1577430572103 0.7565378579979053 0
1577430572212 0.6397991756015003 0
1577430572320 0.5312192169237157 0
1577430572431 0.4344151831451848 0
1577430572543 0.3507095719354613 0
1577430572654 0.2828914642013662 0
1577430572766 0.22974342360334882 0
1577430572874 0.18759351030589627 0
