1577430585516 1.3414095100426053 0
1577430585623 1.253675853707909 0
1577430585733 1.146358493755977 0
1577430585843 1.0019971651833244 0
1577430585951 0.8135014121647766 0
1577430586059 0.614392588526138 0
1577430586189 0.4386731161514996 0
1577430586322 0.3064007004131491 0
1577430586445 0.21479738491191092 0
1577430586633 0.15122319862869235 0
1577430586751 0.10612807318681006 0
1577430586884 0.07550047380177352 0
1577430586995 0.05492209774166512 0
1577430587107 0.041310349357347814 0
1577430587238 0.03194496516468063 0
