1579978805745 1.419116481565749 0
1579978805876 1.290723514832855 0
1579978806007 1.1594450768071527 0
1579978806137 0.9628574185435792 0
1579978806267 0.7313678576234321 0
1579978806398 0.5327184693624745 0
1579978806528 0.3923681762751689 0
1579978806658 0.2989059657831732 0
1579978806787 0.23544859418416295 0
1579978806916 0.1874692487342144 0
1579978807047 0.14781563152467087 0
1579978807174 0.11422482101290092 0
1579978807300 0.0872799847518854 0
1579978807428 0.06645920475005726 0
1579978807556 0.05089133621223114 0
1579978807687 0.039384504249638984 0
1579978807815 0.03083205070622256 0
1579978807943 0.02460322068613785 0
1579978808072 0.019979338023944533 0
1579978808200 0.016503600571014524 0
