1577431023760 1.4026569405760017 0
1577431023870 1.3019282649558954 0
1577431023983 1.1913387850735995 0
1577431024093 1.0603159621931606 0
1577431024204 0.917928694384237 0
1577431024315 0.774104801182215 0
1577431024425 0.6399731724306956 0
1577431024537 0.5238061712618994 0
1577431024648 0.4301143981450167 0
1577431024762 0.3560509160675866 0
1577431024875 0.297284105334795 0
1577431024989 0.25013106955474596 0
1577431025104 0.2083602172542301 0
1577431025218 0.17212784859588093 0
1577431025332 0.14187574495450178 0
1577431025446 0.11770056296960034 0
1577431025562 0.09812316250677523 0
1577431025675 0.0821148335330578 0
1577431025789 0.0690107247612907 0
1577431025904 0.05835724262353345 0
