1577430981208 1.3004320155199327 0
1577430981316 1.2124292453294354 0
1577430981428 1.1200048405555418 0
1577430981538 1.0164601135815703 0
1577430981652 0.8979875031903343 0
1577430981763 0.766677703799271 0
1577430981874 0.6285981668968642 0
1577430981989 0.4998244466171525 0
1577430982100 0.3932400839591923 0
1577430982211 0.3109186825031779 0
1577430982322 0.24786551224022377 0
1577430982434 0.198782558084372 0
1577430982547 0.16020336954147177 0
1577430982660 0.12948228064624176 0
1577430982772 0.10501207390345045 0
1577430982896 0.08533798643580741 0
1577430983020 0.06976931612536699 0
1577430983132 0.05739089711089921 0
1577430983256 0.04731825053685704 0
1577430983369 0.039567969797187574 0
