1579978818273 1.3481803435308144 0
1579978818402 1.2674305059043471 0
1579978818530 1.1555623110782611 0
1579978818658 1.0086492006897319 0
1579978818786 0.8285674134101753 0
1579978818919 0.6323024491411572 0
1579978819048 0.45914181928521625 0
1579978819180 0.33380105475904986 0
1579978819322 0.25039015480378646 0
1579978819467 0.19510808104537022 0
1579978819598 0.15636542194855432 0
1579978819727 0.12744925122575126 0
1579978819856 0.10464263178969738 0
1579978819986 0.08584243844359378 0
1579978820144 0.07112091946440885 0
1579978820285 0.05885596361498424 0
1579978820416 0.04918927296652694 0
1579978820552 0.0414272080064826 0
1579978820681 0.03515314266629249 0
1579978820819 0.030098278420162754 0
