1577431018672 1.4556144523008672 0
1577431018786 1.3723237020242132 0
1577431018901 1.3068429370505437 0
1577431019017 1.2408221369316876 0
1577431019130 1.1644096376865307 0
1577431019247 1.069288976218364 0
1577431019386 0.9495736579433716 0
1577431019519 0.8184268803492939 0
1577431019643 0.6915375532661469 0
1577431019758 0.5755603567927869 0
1577431019871 0.4741745744735326 0
1577431019985 0.38699293369013604 0
1577431020100 0.3132570589812581 0
1577431020226 0.25147056511924154 0
1577431020341 0.20170309910181128 0
