1577432757776 1.3762433321055914 0
1577432757905 1.2722644309622606 0
1577432758033 1.1810939752856269 0
1577432758171 1.0759766067342462 0
1577432758306 0.9396420168499944 0
1577432758433 0.7775320696432144 0
1577432758561 0.6231144202033672 0
1577432758702 0.49560257186899287 0
1577432758836 0.40000678360429337 0
1577432758966 0.32488698807573924 0
1577432759100 0.26099226073637927 0
1577432759226 0.2056541038105949 0
1577432759353 0.15889167355145248 0
1577432759480 0.12093222866612674 0
1577432759611 0.09131786114844727 0
