1577432684107 1.3636046794224035 0
1577432684226 1.2695033071092687 0
1577432684349 1.1704679283702177 0
1577432684466 1.0446631183994857 0
1577432684583 0.8844467755502062 0
1577432684701 0.7006067411374237 0
1577432684823 0.5216882587201966 0
1577432684971 0.375611720933424 0
1577432685092 0.2699147569413715 0
1577432685216 0.19715631861315133 0
1577432685337 0.14758511725184312 0
1577432685462 0.11228047915812249 0
1577432685584 0.08702071813412962 0
1577432685707 0.06825921517591864 0
1577432685824 0.05447959473678211 0
1577432685945 0.04410887917482411 0
1577432686068 0.036186772778392065 0
1577432686189 0.030188501623994442 0
1577432686311 0.025599526897210366 0
1577432686438 0.021889591633203732 0
