1577430996217 1.3243358960548643 0
1577430996327 1.2335194578763882 0
1577430996441 1.0990807868689838 0
1577430996552 0.9058693926088823 0
1577430996677 0.7006882968487101 0
1577430996801 0.5271907014237223 0
1577430996911 0.3918997942126476 0
1577430997036 0.29181363212705325 0
1577430997147 0.22021599908767855 0
1577430997269 0.17054018089697917 0
1577430997382 0.13380223149804546 0
1577430997494 0.10588078742878106 0
1577430997604 0.08331620926114044 0
1577430997719 0.0653577305942862 0
1577430997835 0.05148146049110032 0
1577430997950 0.04082086509477939 0
1577430998064 0.03270453100459538 0
1577430998177 0.02653370424492181 0
1577430998288 0.02181386828174929 0
1577430998400 0.018153517797231362 0
