1577431010417 1.3129722741764993 0
1577431010527 1.2239010290473493 0
1577431010638 1.122607498821674 0
1577431010749 1.0050067211421314 0
1577431010860 0.871411144733429 0
1577431010971 0.7272760063341159 0
1577431011082 0.5907906767724964 0
1577431011194 0.471127651148856 0
1577431011317 0.3683501159764309 0
1577431011451 0.2825025635335978 0
1577431011581 0.21481700828491995 0
1577431011710 0.16214452626556894 0
1577431011836 0.12143027472305784 0
1577431011975 0.09159587738240538 0
1577431012113 0.07040234612360445 0
1577431012245 0.05537737384879813 0
1577431012367 0.04451577363559665 0
1577431012480 0.03640549474307858 0
1577431012595 0.030226889934590592 0
1577431012707 0.025481898083243373 0
