1577430562517 1.3573712255732324 0
1577430562629 1.2459650031787988 0
1577430562738 1.1336709509642309 0
1577430562869 1.0071545515783862 0
1577430562986 0.8567039876400119 0
1577430563104 0.6845395444049575 0
1577430563212 0.5236586711615985 0
1577430563321 0.3984739273659237 0
1577430563439 0.3086881025715999 0
1577430563552 0.24377508871118703 0
1577430563665 0.19443658128354083 0
1577430563776 0.1565839241252255 0
1577430563887 0.12581930394440097 0
1577430564001 0.10129036725109498 0
1577430564115 0.08250445032622411 0
1577430564231 0.06780427130881429 0
1577430564344 0.0562281886166234 0
1577430564453 0.04687956084873421 0
1577430564565 0.03939638370195006 0
1577430564674 0.033296226566038596 0
