1577430591333 1.3192434861652942 0
1577430591439 1.2017132855042223 0
1577430591546 1.0696311226876483 0
1577430591653 0.9375864402092221 0
1577430591760 0.8160826987481188 0
1577430591867 0.700896882332246 0
1577430591974 0.5851488424273218 0
1577430592082 0.4746756219146047 0
1577430592189 0.3711182971403135 0
1577430592297 0.28270727966756715 0
1577430592405 0.21440957803383356 0
1577430592513 0.16308217846511736 0
1577430592620 0.12349858349995144 0
1577430592728 0.09304806952189756 0
1577430592836 0.07008440258099712 0
1577430592945 0.05360610751841523 0
1577430593053 0.04170318905848859 0
1577430593161 0.03319812343063892 0
1577430593270 0.02698139164887317 0
1577430593379 0.022360179746139203 0
