1577430576139 1.3631759704563824 0
1577430576245 1.2847939635072183 0
1577430576353 1.1925676474644162 0
1577430576461 1.0712218732072973 0
1577430576587 0.9276266404300152 0
1577430576723 0.7794387868338747 0
1577430576858 0.6383731138760416 0
1577430576966 0.5108403375248319 0
1577430577074 0.399411124414824 0
1577430577187 0.30914821514860563 0
1577430577297 0.2432362342691461 0
1577430577404 0.1960178345269337 0
1577430577512 0.1604209623895139 0
1577430577619 0.13165816113063253 0
1577430577727 0.10846565121730135 0
1577430577839 0.08888364332693822 0
1577430577948 0.0730797810901192 0
1577430578057 0.06014098703811956 0
1577430578166 0.04918596781128051 0
1577430578275 0.04059048156081127 0
