1577430545544 1.3486777533508454 0
1577430545649 1.2144121619251225 0
1577430545754 1.0674392271505106 0
1577430545859 0.8882540165187078 0
1577430545964 0.6758694495234228 0
1577430546098 0.48953150076627633 0
1577430546238 0.36233479292149284 0
1577430546350 0.2846920103290545 0
1577430546462 0.2333501393212355 0
1577430546576 0.19606209258345247 0
1577430546723 0.16554821936103847 0
1577430546849 0.1384498289408591 0
1577430546962 0.11511539223089155 0
1577430547082 0.09498928282479208 0
1577430547204 0.07784322093860643 0
1577430547329 0.06385759594255412 0
1577430547453 0.052527276558070796 0
1577430547590 0.043201476686648366 0
1577430547703 0.03584893960292689 0
1577430547822 0.030021607791379953 0
