1579977017874 1.3075068659307347 0
1579977017979 1.2059495164882517 0
1579977018083 1.0927265405457787 0
1579977018188 0.9579870930811385 0
1579977018293 0.812148126423055 0
1579977018398 0.6686439956985625 0
1579977018504 0.5434849909083876 0
1579977018609 0.4324847716092242 0
1579977018715 0.33039851307425433 0
1579977018820 0.23939239198722606 0
1579977018926 0.16344832631942735 0
1579977019032 0.10929992092950164 0
1579977019137 0.07441964098305615 0
1579977019243 0.05233504094437034 0
1579977019349 0.038062735848140086 0
1579977019486 0.028635950747503136 0
1579977019611 0.022313387807578248 0
1579977019735 0.017841457945367956 0
1579977019860 0.014552033731688995 0
1579977019967 0.01211854196834395 0
