1577431047291 1.4990114208400502 0
1577431047406 1.4191668144639924 0
1577431047521 1.3650104116478015 0
1577431047633 1.318926367452209 0
1577431047744 1.2696952072110614 0
1577431047856 1.2054780475054727 0
1577431047967 1.1232126769874107 0
1577431048083 1.0210867863618647 0
1577431048195 0.908358830532212 0
1577431048308 0.8049190083606572 0
1577431048420 0.7196417347858786 0
1577431048536 0.6476324199206598 0
1577431048650 0.5803319624126034 0
1577431048763 0.5193350224148454 0
1577431048876 0.4638594560340203 0
