1577430962359 1.375660642211523 0
1577430962468 1.2820832644741578 0
1577430962577 1.1857406470800902 0
1577430962688 1.0816979648916785 0
1577430962798 0.9640380091471368 0
1577430962908 0.8323446340562227 0
1577430963018 0.6731364811454017 0
1577430963128 0.505411213478701 0
1577430963240 0.3663907084617632 0
1577430963351 0.26824088431807513 0
1577430963462 0.20143102461273749 0
1577430963573 0.15572520215575059 0
1577430963684 0.12362121022181256 0
1577430963795 0.09945588470310224 0
1577430963906 0.08093043865806163 0
