1577432790025 1.4369796000704396 0
1577432790151 1.3760059338248478 0
1577432790277 1.327737151908454 0
1577432790409 1.2729850472629498 0
1577432790535 1.204785764863468 0
1577432790662 1.1170570426580333 0
1577432790790 0.995162743112083 0
1577432790910 0.8287287365091476 0
1577432791038 0.6644570675816975 0
1577432791162 0.5278883220166948 0
1577432791285 0.4172079410433397 0
1577432791409 0.3294112765458321 0
1577432791543 0.2611890181819678 0
1577432791669 0.20894842563789381 0
1577432791793 0.16875851093003488 0
