1577430659582 1.3806628790406341 0
1577430659690 1.3177261308298245 0
1577430659798 1.2501241730215706 0
1577430659907 1.1638844871967784 0
1577430660016 1.0553002592046843 0
1577430660124 0.9325340795052658 0
1577430660234 0.8050424183485987 0
1577430660343 0.6842506932200436 0
1577430660452 0.5690564038000978 0
1577430660561 0.46348692334664127 0
1577430660671 0.3751850480183989 0
1577430660780 0.3052292821623266 0
1577430660892 0.2501689070986624 0
1577430661002 0.20639540465596887 0
1577430661114 0.17067825254898134 0
1577430661227 0.14140955184353815 0
1577430661339 0.11789316077475905 0
1577430661452 0.09872584209878195 0
1577430661563 0.0829416478907232 0
1577430661673 0.07004521984279145 0
