1577430967562 1.3400703763048463 0
1577430967670 1.2518321135590453 0
1577430967782 1.1190861529089686 0
1577430967893 0.9353443679195865 0
1577430968004 0.7268269074608739 0
1577430968114 0.561801722444942 0
1577430968224 0.4473791688668329 0
1577430968335 0.37099815840002953 0
1577430968447 0.3162731817979055 0
1577430968557 0.2730226714656309 0
1577430968668 0.23486037404310184 0
1577430968780 0.20007676229884971 0
1577430968891 0.1682579460938443 0
1577430969003 0.13959275803632548 0
1577430969114 0.11447508154295521 0
1577430969227 0.09295245397241012 0
1577430969339 0.07509704012527961 0
1577430969451 0.060556040677146115 0
1577430969562 0.049023311751060096 0
1577430969674 0.04013793026409613 0
