1579978813818 1.4166218967202513 0
1579978813970 1.2958214158638623 0
1579978814107 1.1920195921764765 0
1579978814250 1.0644235629852734 0
1579978814400 0.8969950198108736 0
1579978814550 0.7020089356419927 0
1579978814696 0.515549155997067 0
1579978814839 0.3713720327252706 0
1579978814969 0.2794828372597448 0
1579978815104 0.2216025016163932 0
1579978815249 0.18081958331983905 0
1579978815386 0.1490723894588445 0
1579978815521 0.12305605049729265 0
1579978815660 0.10137850325310774 0
1579978815819 0.08310763923040891 0
