1577430646236 1.3631259750053986 0
1577430646345 1.2872614459739151 0
1577430646452 1.2038976078017678 0
1577430646565 1.1106241999709736 0
1577430646673 1.0173350303965458 0
1577430646783 0.9129266546268838 0
1577430646892 0.8038364200059399 0
1577430647000 0.7024523125355371 0
1577430647108 0.6136050326474204 0
1577430647230 0.5384075659043689 0
1577430647343 0.47577657744263807 0
1577430647452 0.4238767568600346 0
1577430647562 0.38041924946824573 0
1577430647672 0.3427165075630119 0
1577430647782 0.3099435918059131 0
1577430647894 0.28178102253290654 0
1577430648003 0.2565168649089615 0
1577430648115 0.23286095982677202 0
1577430648226 0.21061539461885154 0
1577430648337 0.18866704971873977 0
