1577430646268 0.32941392 0
1577430646375 0.4095168 0
1577430646483 0.4714312 0
1577430646595 0.5122175 0
1577430646703 0.5726621 0
1577430646814 0.7358075 0
1577430646923 0.8261988 0
1577430647031 0.84953153 0
1577430647142 0.8504501 0
1577430647265 0.8500827 0
1577430647374 0.861106 0
1577430647483 0.861106 0
1577430647593 0.861106 0
1577430647705 0.861106 0
1577430647814 0.861106 0
1577430647925 0.86422926 0
1577430648037 0.8726805 0
1577430648146 0.8726805 0
1577430648258 0.89546204 0
1577430648370 0.9878743 0
