1577430641171 1.3211850105303515 0
1577430641279 1.2527161580596846 0
1577430641387 1.1809018789221648 0
1577430641499 1.102653033654961 0
1577430641607 1.0171484081332964 0
1577430641718 0.9255198969815598 0
1577430641827 0.8311624027844762 0
1577430641935 0.7278580849341078 0
1577430642047 0.6191324815687922 0
1577430642156 0.512171630969539 0
1577430642268 0.4125329074276166 0
1577430642376 0.33052495628425616 0
1577430642486 0.26542583346399734 0
1577430642596 0.21354906050987635 0
1577430642705 0.17093992404381012 0
