1577430599647 1.3117503910795878 0
1577430599756 1.2349336094744858 0
1577430599865 1.1369549030142028 0
1577430599973 1.0171124082562484 0
1577430600085 0.8872766518286868 0
1577430600193 0.7591887669525637 0
1577430600303 0.6355175506954878 0
1577430600413 0.5191277411471232 0
1577430600525 0.4132208593604046 0
1577430600636 0.32140202614852337 0
1577430600746 0.24552329538703238 0
1577430600855 0.18635070049358693 0
1577430600966 0.141435926215611 0
1577430601078 0.1085603798630207 0
1577430601188 0.08486104588410147 0
